[Query 1]
[3359851,3373]
[59804598,2467]
[7860742,2458]
[18776017,2272]
[5442012,2204]
[Query 2]
[40981798,8660]
[43003845,7700]
[22462180,7623]
[34428380,7558]
[115485051,4798]
[Query 3]
[115485051,308.41803928466965]
[813286,245.27205187573122]
[40981798,203.958361510047]
[43003845,152.12057155743193]
[7861312,131.34366546462073]
[Query 4]
[42949673045,44]
[8589934900,25]
[34359738762,14]
[343597383908,10]
[335007449386,9]
[Query 5]
[[40981798],33528579]
[[43003845],31727064]
[[83943787],14204196]
[[270449528],14161116]
[[34428380],13394781]
